1000 1 4
5 -1 18
5 0 10
5 1 12
5 2 3
5 3 4
5 4 -1
5 5 0
5 6 7
5 7 1
5 8 10
5 9 18
5 10 3
5 11 5
5 12 17
5 13 4
5 14 9
5 15 3
5 16 2
5 17 8
5 18 -1
5 -1 18
5 0 10
5 1 12
5 2 3
5 3 4
5 4 -1
5 5 0
5 6 7
5 7 1
5 8 10
5 9 18
5 10 3
5 11 5
5 12 17
5 13 4
5 14 9
5 15 3
5 16 2
5 17 8
5 18 -1
5 -1 18
5 0 10
5 1 12
5 2 3
5 3 4
5 4 -1
5 5 0
5 6 7
5 7 1
5 8 10
5 9 18
5 10 3
5 11 5
5 12 17
5 13 4
5 14 9
5 15 3
5 16 2
5 17 8
5 18 -1
5 -1 18
5 0 10
5 1 12
5 2 3
5 3 4
5 4 -1
5 5 0
5 6 7
5 7 1
5 8 10
5 9 18
5 10 3
5 11 5
5 12 17
5 13 4
5 14 9
5 15 3
5 16 2
5 17 8
5 18 -1
5 -1 18
5 0 10
5 1 12
5 2 3
5 3 4
5 4 -1
5 5 0
5 6 7
5 7 1
5 8 10
5 9 18
5 10 3
5 11 5
5 12 17
5 13 4
5 14 9
5 15 3
5 16 2
5 17 8
5 18 -1
5 -1 18
5 0 10
5 1 12
5 2 3
5 3 4
5 4 -1
5 5 0
5 6 7
5 7 1
5 8 10
5 9 18
5 10 3
5 11 5
5 12 17
5 13 4
5 14 9
5 15 3
5 16 2
5 17 8
5 18 -1
5 -1 18
5 0 10
5 1 12
5 2 3
5 3 4
5 4 -1
5 5 0
5 6 7
5 7 1
5 8 10
5 9 18
5 10 3
5 11 5
5 12 17
5 13 4
5 14 9
5 15 3
5 16 2
5 17 8
5 18 -1
5 -1 18
5 0 10
5 1 12
5 2 3
5 3 4
5 4 -1
5 5 0
5 6 7
5 7 1
5 8 10
5 9 18
5 10 3
5 11 5
5 12 17
5 13 4
5 14 9
5 15 3
5 16 2
5 17 8
5 18 -1
5 -1 18
5 0 10
5 1 12
5 2 3
5 3 4
5 4 -1
5 5 0
5 6 7
5 7 1
5 8 10
5 9 18
5 10 3
5 11 5
5 12 17
5 13 4
5 14 9
5 15 3
5 16 2
5 17 8
5 18 -1
5 -1 18
5 0 10
5 1 12
5 2 3
5 3 4
5 4 -1
5 5 0
5 6 7
5 7 1
5 8 10
5 9 18
5 10 3
5 11 5
5 12 17
5 13 4
5 14 9
5 15 3
5 16 2
5 17 8
5 18 -1
